Tool 1 :C:\Program Files (x86)\Northern Digital Inc\8700449.rom
Tool 2 :C:\Program Files (x86)\Northern Digital Inc\8700339.rom
YCB Object No.:436171
Frame No: TimeStamp--Tool 1, 2: Tx,Ty, Tz, Q0, Qx, Qy, Qz, *** Tx,Ty, Tz, Q0, Qx, Qy, Qz
Measurement Completed for 29/03/2022 at 5:13 PM.

Frame 1, 2022-03-29-17-13-07.699467, Both Rigid bodies out of volume?
Frame 4, 2022-03-29-17-13-07.756470, Both Rigid bodies out of volume?
Frame 7, 2022-03-29-17-13-07.807473, Both Rigid bodies out of volume?
Frame 10, 2022-03-29-17-13-07.857476, Tool  1, 67.680428, -75.875694, -965.152283, 0.136870, -0.717695, -0.672177, -0.119833, Tool 2, 0.000000, 0.000000, 0.000000,  0.000000, 0.000000, 0.000000, 0.000000
Frame 13, 2022-03-29-17-13-07.941481, Tool  1, 67.679855, -75.866753, -965.205811, 0.136863, -0.717687, -0.672210, -0.119707, Tool 2, 0.000000, 0.000000, 0.000000,  0.000000, 0.000000, 0.000000, 0.000000
Frame 19, 2022-03-29-17-13-08.023486, Tool  1, 67.675247, -75.850662, -965.192566, 0.136747, -0.717705, -0.672224, -0.119648, Tool 2, 0.000000, 0.000000, 0.000000,  0.000000, 0.000000, 0.000000, 0.000000
Frame 25, 2022-03-29-17-13-08.107491, Tool  1, 67.690308, -75.852654, -965.182739, 0.136951, -0.717746, -0.672150, -0.119588, Tool 2, 0.000000, 0.000000, 0.000000,  0.000000, 0.000000, 0.000000, 0.000000
Frame 28, 2022-03-29-17-13-08.191495, Tool  1, 67.680901, -75.849617, -965.180176, 0.136773, -0.717667, -0.672249, -0.119703, Tool 2, 0.000000, 0.000000, 0.000000,  0.000000, 0.000000, 0.000000, 0.000000
Frame 34, 2022-03-29-17-13-08.273500, Tool  1, 67.684059, -75.837646, -965.156799, 0.136780, -0.717810, -0.672126, -0.119530, Tool 2, 0.000000, 0.000000, 0.000000,  0.000000, 0.000000, 0.000000, 0.000000
Frame 40, 2022-03-29-17-13-08.357505, Tool  1, 67.689186, -75.842545, -965.143738, 0.136874, -0.717865, -0.672053, -0.119504, Tool 2, 0.000000, 0.000000, 0.000000,  0.000000, 0.000000, 0.000000, 0.000000
Frame 43, 2022-03-29-17-13-08.441510, Tool  1, 67.684151, -75.851601, -965.160950, 0.136834, -0.717784, -0.672129, -0.119614, Tool 2, 0.000000, 0.000000, 0.000000,  0.000000, 0.000000, 0.000000, 0.000000
Frame 49, 2022-03-29-17-13-08.523514, Tool  1, 67.690590, -75.844254, -965.147827, 0.136851, -0.717755, -0.672164, -0.119572, Tool 2, 0.000000, 0.000000, 0.000000,  0.000000, 0.000000, 0.000000, 0.000000
Frame 55, 2022-03-29-17-13-08.606519, Tool  1, 67.685364, -75.840530, -965.147156, 0.136856, -0.717765, -0.672156, -0.119548, Tool 2, 0.000000, 0.000000, 0.000000,  0.000000, 0.000000, 0.000000, 0.000000
Frame 58, 2022-03-29-17-13-08.692524, Tool  1, 67.691536, -75.850563, -965.130005, 0.137012, -0.717783, -0.672105, -0.119549, Tool 2, 0.000000, 0.000000, 0.000000,  0.000000, 0.000000, 0.000000, 0.000000
Frame 64, 2022-03-29-17-13-08.773529, Tool  1, 67.683006, -75.847084, -965.161926, 0.136882, -0.717718, -0.672187, -0.119626, Tool 2, 0.000000, 0.000000, 0.000000,  0.000000, 0.000000, 0.000000, 0.000000
Frame 70, 2022-03-29-17-13-08.856534, Tool  1, 67.683624, -75.849953, -965.152039, 0.136863, -0.717776, -0.672123, -0.119654, Tool 2, 0.000000, 0.000000, 0.000000,  0.000000, 0.000000, 0.000000, 0.000000
Frame 73, 2022-03-29-17-13-08.941538, Tool  1, 67.679604, -75.856163, -965.154724, 0.136951, -0.717735, -0.672140, -0.119711, Tool 2, 0.000000, 0.000000, 0.000000,  0.000000, 0.000000, 0.000000, 0.000000
Frame 79, 2022-03-29-17-13-09.023543, Tool  1, 67.679695, -75.844864, -965.144592, 0.136831, -0.717748, -0.672170, -0.119599, Tool 2, 0.000000, 0.000000, 0.000000,  0.000000, 0.000000, 0.000000, 0.000000
Frame 85, 2022-03-29-17-13-09.107548, Tool  1, 67.686569, -75.845909, -965.150818, 0.136869, -0.717775, -0.672138, -0.119570, Tool 2, 0.000000, 0.000000, 0.000000,  0.000000, 0.000000, 0.000000, 0.000000
Frame 88, 2022-03-29-17-13-09.191553, Tool  1, 67.683159, -75.848618, -965.159424, 0.136901, -0.717713, -0.672183, -0.119657, Tool 2, 0.000000, 0.000000, 0.000000,  0.000000, 0.000000, 0.000000, 0.000000
Frame 94, 2022-03-29-17-13-09.273557, Tool  1, 67.685387, -75.842178, -965.150330, 0.136851, -0.717802, -0.672110, -0.119593, Tool 2, 0.000000, 0.000000, 0.000000,  0.000000, 0.000000, 0.000000, 0.000000
Frame 100, 2022-03-29-17-13-09.357562, Tool  1, 67.694527, -75.848419, -965.161133, 0.136955, -0.717792, -0.672112, -0.119516, Tool 2, 0.000000, 0.000000, 0.000000,  0.000000, 0.000000, 0.000000, 0.000000
Frame 103, 2022-03-29-17-13-09.441567, Tool  1, 67.686638, -75.851357, -965.155457, 0.136856, -0.717763, -0.672144, -0.119621, Tool 2, 0.000000, 0.000000, 0.000000,  0.000000, 0.000000, 0.000000, 0.000000
Frame 109, 2022-03-29-17-13-09.523571, Tool  1, 67.690628, -75.851288, -965.159729, 0.136865, -0.717776, -0.672134, -0.119590, Tool 2, 0.000000, 0.000000, 0.000000,  0.000000, 0.000000, 0.000000, 0.000000
Frame 115, 2022-03-29-17-13-09.607576, Tool  1, 67.668602, -75.846069, -965.163574, 0.136740, -0.717673, -0.672239, -0.119764, Tool 2, 0.000000, 0.000000, 0.000000,  0.000000, 0.000000, 0.000000, 0.000000
Frame 118, 2022-03-29-17-13-09.691581, Tool  1, 67.675140, -75.846443, -965.155029, 0.136787, -0.717611, -0.672299, -0.119749, Tool 2, 0.000000, 0.000000, 0.000000,  0.000000, 0.000000, 0.000000, 0.000000
Frame 124, 2022-03-29-17-13-09.773586, Tool  1, 67.681976, -75.845642, -965.152222, 0.136807, -0.717726, -0.672196, -0.119610, Tool 2, 0.000000, 0.000000, 0.000000,  0.000000, 0.000000, 0.000000, 0.000000
Frame 130, 2022-03-29-17-13-09.857591, Tool  1, 67.691422, -75.845833, -965.167603, 0.136903, -0.717839, -0.672075, -0.119505, Tool 2, 0.000000, 0.000000, 0.000000,  0.000000, 0.000000, 0.000000, 0.000000
Frame 133, 2022-03-29-17-13-09.941596, Tool  1, 67.688255, -75.839508, -965.143555, 0.136812, -0.717863, -0.672065, -0.119516, Tool 2, 0.000000, 0.000000, 0.000000,  0.000000, 0.000000, 0.000000, 0.000000
Frame 139, 2022-03-29-17-13-10.022600, Tool  1, 67.686241, -75.851494, -965.153809, 0.136887, -0.717708, -0.672193, -0.119648, Tool 2, 0.000000, 0.000000, 0.000000,  0.000000, 0.000000, 0.000000, 0.000000
Frame 145, 2022-03-29-17-13-10.106605, Tool  1, 67.686035, -75.850372, -965.153137, 0.136923, -0.717748, -0.672152, -0.119596, Tool 2, 0.000000, 0.000000, 0.000000,  0.000000, 0.000000, 0.000000, 0.000000
Frame 148, 2022-03-29-17-13-10.190609, Tool  1, 67.683319, -75.843323, -965.153992, 0.136914, -0.717746, -0.672155, -0.119598, Tool 2, 0.000000, 0.000000, 0.000000,  0.000000, 0.000000, 0.000000, 0.000000
Frame 154, 2022-03-29-17-13-10.273614, Tool  1, 67.675133, -75.848991, -965.165405, 0.136795, -0.717739, -0.672175, -0.119665, Tool 2, 0.000000, 0.000000, 0.000000,  0.000000, 0.000000, 0.000000, 0.000000
Frame 160, 2022-03-29-17-13-10.357619, Tool  1, 67.692810, -75.851547, -965.159180, 0.136932, -0.717765, -0.672131, -0.119601, Tool 2, 0.000000, 0.000000, 0.000000,  0.000000, 0.000000, 0.000000, 0.000000
Frame 163, 2022-03-29-17-13-10.441624, Tool  1, 67.682495, -75.843140, -965.139893, 0.136872, -0.717784, -0.672127, -0.119581, Tool 2, 0.000000, 0.000000, 0.000000,  0.000000, 0.000000, 0.000000, 0.000000
Frame 169, 2022-03-29-17-13-10.523629, Tool  1, 67.671745, -75.849037, -965.162170, 0.136762, -0.717682, -0.672239, -0.119692, Tool 2, 0.000000, 0.000000, 0.000000,  0.000000, 0.000000, 0.000000, 0.000000
Frame 175, 2022-03-29-17-13-10.607634, Tool  1, 67.682838, -75.847656, -965.157715, 0.136841, -0.717705, -0.672211, -0.119612, Tool 2, 0.000000, 0.000000, 0.000000,  0.000000, 0.000000, 0.000000, 0.000000
Frame 178, 2022-03-29-17-13-10.691638, Tool  1, 67.684509, -75.844765, -965.160034, 0.136863, -0.717752, -0.672163, -0.119579, Tool 2, 0.000000, 0.000000, 0.000000,  0.000000, 0.000000, 0.000000, 0.000000
Frame 184, 2022-03-29-17-13-10.773643, Tool  1, 67.674896, -75.843590, -965.159302, 0.136772, -0.717753, -0.672168, -0.119649, Tool 2, 0.000000, 0.000000, 0.000000,  0.000000, 0.000000, 0.000000, 0.000000
Frame 190, 2022-03-29-17-13-10.857648, Tool  1, 67.678909, -75.839569, -965.138855, 0.136754, -0.717749, -0.672184, -0.119605, Tool 2, 0.000000, 0.000000, 0.000000,  0.000000, 0.000000, 0.000000, 0.000000
Frame 193, 2022-03-29-17-13-10.941653, Tool  1, 67.694176, -75.849945, -965.143127, 0.136904, -0.717761, -0.672148, -0.119562, Tool 2, 0.000000, 0.000000, 0.000000,  0.000000, 0.000000, 0.000000, 0.000000
Frame 199, 2022-03-29-17-13-11.024657, Tool  1, 67.680992, -75.846191, -965.162109, 0.136800, -0.717725, -0.672192, -0.119649, Tool 2, 0.000000, 0.000000, 0.000000,  0.000000, 0.000000, 0.000000, 0.000000
Frame 205, 2022-03-29-17-13-11.106662, Tool  1, 67.685234, -75.849976, -965.153076, 0.136954, -0.717746, -0.672144, -0.119617, Tool 2, 0.000000, 0.000000, 0.000000,  0.000000, 0.000000, 0.000000, 0.000000
Frame 208, 2022-03-29-17-13-11.190667, Tool  1, 67.672539, -75.839096, -965.150757, 0.136786, -0.717730, -0.672191, -0.119638, Tool 2, 0.000000, 0.000000, 0.000000,  0.000000, 0.000000, 0.000000, 0.000000
Frame 214, 2022-03-29-17-13-11.274672, Tool  1, 67.682854, -75.839043, -965.164185, 0.136853, -0.717781, -0.672131, -0.119597, Tool 2, 0.000000, 0.000000, 0.000000,  0.000000, 0.000000, 0.000000, 0.000000
Frame 220, 2022-03-29-17-13-11.356676, Tool  1, 67.687332, -75.849701, -965.157227, 0.136874, -0.717750, -0.672153, -0.119635, Tool 2, 0.000000, 0.000000, 0.000000,  0.000000, 0.000000, 0.000000, 0.000000
Frame 223, 2022-03-29-17-13-11.441681, Tool  1, 67.676498, -75.844772, -965.148987, 0.136759, -0.717726, -0.672202, -0.119633, Tool 2, 0.000000, 0.000000, 0.000000,  0.000000, 0.000000, 0.000000, 0.000000
Frame 229, 2022-03-29-17-13-11.523686, Tool  1, 67.683502, -75.855881, -965.166504, 0.136885, -0.717672, -0.672215, -0.119738, Tool 2, 0.000000, 0.000000, 0.000000,  0.000000, 0.000000, 0.000000, 0.000000
Frame 235, 2022-03-29-17-13-11.607691, Tool  1, 67.693710, -75.838310, -965.160278, 0.136855, -0.717792, -0.672132, -0.119521, Tool 2, 0.000000, 0.000000, 0.000000,  0.000000, 0.000000, 0.000000, 0.000000
Frame 238, 2022-03-29-17-13-11.691696, Tool  1, 67.680061, -75.845329, -965.159485, 0.136857, -0.717765, -0.672145, -0.119608, Tool 2, 0.000000, 0.000000, 0.000000,  0.000000, 0.000000, 0.000000, 0.000000
Frame 244, 2022-03-29-17-13-11.773700, Tool  1, 67.682320, -75.843872, -965.160095, 0.136827, -0.717761, -0.672153, -0.119624, Tool 2, 0.000000, 0.000000, 0.000000,  0.000000, 0.000000, 0.000000, 0.000000
Frame 250, 2022-03-29-17-13-11.857705, Tool  1, 67.677536, -75.848923, -965.155090, 0.136858, -0.717745, -0.672149, -0.119709, Tool 2, 0.000000, 0.000000, 0.000000,  0.000000, 0.000000, 0.000000, 0.000000
Frame 253, 2022-03-29-17-13-11.940710, Tool  1, 67.685234, -75.844498, -965.166077, 0.136834, -0.717727, -0.672191, -0.119610, Tool 2, 0.000000, 0.000000, 0.000000,  0.000000, 0.000000, 0.000000, 0.000000
Frame 259, 2022-03-29-17-13-12.024714, Tool  1, 67.686096, -75.842171, -965.140686, 0.136855, -0.717792, -0.672130, -0.119534, Tool 2, 0.000000, 0.000000, 0.000000,  0.000000, 0.000000, 0.000000, 0.000000
Frame 265, 2022-03-29-17-13-12.106719, Tool  1, 67.686447, -75.835358, -965.153198, 0.136767, -0.717773, -0.672159, -0.119584, Tool 2, 0.000000, 0.000000, 0.000000,  0.000000, 0.000000, 0.000000, 0.000000
Frame 268, 2022-03-29-17-13-12.192724, Tool  1, 67.683762, -75.847046, -965.168213, 0.136893, -0.717761, -0.672140, -0.119625, Tool 2, 0.000000, 0.000000, 0.000000,  0.000000, 0.000000, 0.000000, 0.000000
Frame 274, 2022-03-29-17-13-12.274729, Tool  1, 67.685265, -75.843765, -965.153198, 0.136818, -0.717758, -0.672166, -0.119577, Tool 2, 0.000000, 0.000000, 0.000000,  0.000000, 0.000000, 0.000000, 0.000000
Frame 280, 2022-03-29-17-13-12.356733, Tool  1, 67.679863, -75.843483, -965.147766, 0.136809, -0.717762, -0.672158, -0.119603, Tool 2, 0.000000, 0.000000, 0.000000,  0.000000, 0.000000, 0.000000, 0.000000
Frame 283, 2022-03-29-17-13-12.442739, Tool  1, 67.683777, -75.846481, -965.150696, 0.136832, -0.717751, -0.672165, -0.119606, Tool 2, 0.000000, 0.000000, 0.000000,  0.000000, 0.000000, 0.000000, 0.000000
Frame 289, 2022-03-29-17-13-12.523743, Tool  1, 67.690109, -75.845207, -965.157532, 0.136851, -0.717732, -0.672185, -0.119586, Tool 2, 0.000000, 0.000000, 0.000000,  0.000000, 0.000000, 0.000000, 0.000000
Frame 295, 2022-03-29-17-13-12.607748, Tool  1, 67.673302, -75.846222, -965.166382, 0.136765, -0.717723, -0.672188, -0.119727, Tool 2, 0.000000, 0.000000, 0.000000,  0.000000, 0.000000, 0.000000, 0.000000
Frame 298, 2022-03-29-17-13-12.691753, Tool  1, 67.681381, -75.852829, -965.179443, 0.136856, -0.717710, -0.672187, -0.119704, Tool 2, 0.000000, 0.000000, 0.000000,  0.000000, 0.000000, 0.000000, 0.000000
Frame 304, 2022-03-29-17-13-12.773757, Tool  1, 67.686806, -75.844490, -965.153137, 0.136893, -0.717794, -0.672109, -0.119597, Tool 2, 0.000000, 0.000000, 0.000000,  0.000000, 0.000000, 0.000000, 0.000000
Frame 310, 2022-03-29-17-13-12.857762, Tool  1, 67.680153, -75.840775, -965.154297, 0.136766, -0.717783, -0.672154, -0.119552, Tool 2, 0.000000, 0.000000, 0.000000,  0.000000, 0.000000, 0.000000, 0.000000
Frame 313, 2022-03-29-17-13-12.941767, Tool  1, 67.685089, -75.850830, -965.145325, 0.136886, -0.717754, -0.672146, -0.119637, Tool 2, 0.000000, 0.000000, 0.000000,  0.000000, 0.000000, 0.000000, 0.000000
Frame 319, 2022-03-29-17-13-13.023772, Tool  1, 67.678871, -75.839439, -965.158813, 0.136746, -0.717730, -0.672204, -0.119612, Tool 2, 0.000000, 0.000000, 0.000000,  0.000000, 0.000000, 0.000000, 0.000000
Frame 325, 2022-03-29-17-13-13.107777, Tool  1, 67.684357, -75.842300, -965.163513, 0.136815, -0.717767, -0.672150, -0.119613, Tool 2, 0.000000, 0.000000, 0.000000,  0.000000, 0.000000, 0.000000, 0.000000
Frame 328, 2022-03-29-17-13-13.192781, Tool  1, 67.681641, -75.848404, -965.165039, 0.136898, -0.717721, -0.672185, -0.119600, Tool 2, 0.000000, 0.000000, 0.000000,  0.000000, 0.000000, 0.000000, 0.000000
Frame 334, 2022-03-29-17-13-13.274786, Tool  1, 67.690369, -75.843079, -965.156006, 0.136855, -0.717756, -0.672164, -0.119561, Tool 2, 0.000000, 0.000000, 0.000000,  0.000000, 0.000000, 0.000000, 0.000000
Frame 340, 2022-03-29-17-13-13.356791, Tool  1, 67.689133, -75.844109, -965.148071, 0.136876, -0.717766, -0.672149, -0.119560, Tool 2, 0.000000, 0.000000, 0.000000,  0.000000, 0.000000, 0.000000, 0.000000
Frame 343, 2022-03-29-17-13-13.441796, Tool  1, 67.690971, -75.844292, -965.144226, 0.136957, -0.717794, -0.672102, -0.119557, Tool 2, 0.000000, 0.000000, 0.000000,  0.000000, 0.000000, 0.000000, 0.000000
Frame 349, 2022-03-29-17-13-13.523800, Tool  1, 67.685600, -75.849121, -965.142456, 0.136845, -0.717702, -0.672208, -0.119642, Tool 2, 0.000000, 0.000000, 0.000000,  0.000000, 0.000000, 0.000000, 0.000000
Frame 355, 2022-03-29-17-13-13.606805, Tool  1, 67.671776, -75.837616, -965.144531, 0.136699, -0.717668, -0.672267, -0.119684, Tool 2, 0.000000, 0.000000, 0.000000,  0.000000, 0.000000, 0.000000, 0.000000
Frame 358, 2022-03-29-17-13-13.690810, Tool  1, 67.687309, -75.837357, -965.151978, 0.136806, -0.717783, -0.672146, -0.119551, Tool 2, 0.000000, 0.000000, 0.000000,  0.000000, 0.000000, 0.000000, 0.000000
Frame 364, 2022-03-29-17-13-13.774815, Tool  1, 67.681808, -75.843864, -965.151855, 0.136831, -0.717741, -0.672176, -0.119607, Tool 2, 0.000000, 0.000000, 0.000000,  0.000000, 0.000000, 0.000000, 0.000000
Frame 370, 2022-03-29-17-13-13.856819, Tool  1, 67.688927, -75.848663, -965.129028, 0.136891, -0.717735, -0.672173, -0.119595, Tool 2, 0.000000, 0.000000, 0.000000,  0.000000, 0.000000, 0.000000, 0.000000
Frame 373, 2022-03-29-17-13-13.941824, Tool  1, 67.695763, -75.848381, -965.131226, 0.136958, -0.717798, -0.672112, -0.119486, Tool 2, 0.000000, 0.000000, 0.000000,  0.000000, 0.000000, 0.000000, 0.000000
Frame 379, 2022-03-29-17-13-14.023829, Tool  1, 67.688354, -75.845993, -965.141418, 0.136952, -0.717739, -0.672159, -0.119580, Tool 2, 0.000000, 0.000000, 0.000000,  0.000000, 0.000000, 0.000000, 0.000000
Frame 385, 2022-03-29-17-13-14.107834, Tool  1, 67.678940, -75.842308, -965.132263, 0.136791, -0.717732, -0.672192, -0.119617, Tool 2, 0.000000, 0.000000, 0.000000,  0.000000, 0.000000, 0.000000, 0.000000
Frame 388, 2022-03-29-17-13-14.191839, Tool  1, 67.681931, -75.844040, -965.155884, 0.136813, -0.717683, -0.672236, -0.119642, Tool 2, 0.000000, 0.000000, 0.000000,  0.000000, 0.000000, 0.000000, 0.000000
Frame 394, 2022-03-29-17-13-14.273843, Tool  1, 67.686218, -75.839485, -965.150940, 0.136882, -0.717848, -0.672065, -0.119526, Tool 2, 0.000000, 0.000000, 0.000000,  0.000000, 0.000000, 0.000000, 0.000000
Frame 400, 2022-03-29-17-13-14.357848, Tool  1, 67.690125, -75.847534, -965.165955, 0.136873, -0.717779, -0.672135, -0.119569, Tool 2, 0.000000, 0.000000, 0.000000,  0.000000, 0.000000, 0.000000, 0.000000
Frame 403, 2022-03-29-17-13-14.441853, Tool  1, 67.691299, -75.844368, -965.138367, 0.136917, -0.717808, -0.672093, -0.119572, Tool 2, 0.000000, 0.000000, 0.000000,  0.000000, 0.000000, 0.000000, 0.000000
Frame 409, 2022-03-29-17-13-14.523858, Tool  1, 67.682358, -75.851028, -965.153870, 0.136852, -0.717686, -0.672212, -0.119716, Tool 2, 0.000000, 0.000000, 0.000000,  0.000000, 0.000000, 0.000000, 0.000000
Frame 415, 2022-03-29-17-13-14.606862, Tool  1, 67.673325, -75.849312, -965.160156, 0.136817, -0.717675, -0.672228, -0.119723, Tool 2, 0.000000, 0.000000, 0.000000,  0.000000, 0.000000, 0.000000, 0.000000
Frame 418, 2022-03-29-17-13-14.690867, Tool  1, 67.682144, -75.839249, -965.166382, 0.136833, -0.717748, -0.672174, -0.119572, Tool 2, 0.000000, 0.000000, 0.000000,  0.000000, 0.000000, 0.000000, 0.000000
Frame 424, 2022-03-29-17-13-14.774872, Tool  1, 67.687546, -75.843781, -965.169617, 0.136907, -0.717825, -0.672082, -0.119543, Tool 2, 0.000000, 0.000000, 0.000000,  0.000000, 0.000000, 0.000000, 0.000000
Frame 430, 2022-03-29-17-13-14.856876, Tool  1, 67.683090, -75.843964, -965.155762, 0.136830, -0.717745, -0.672171, -0.119610, Tool 2, 0.000000, 0.000000, 0.000000,  0.000000, 0.000000, 0.000000, 0.000000
Frame 433, 2022-03-29-17-13-14.942882, Tool  1, 67.683243, -75.848274, -965.144836, 0.136827, -0.717739, -0.672174, -0.119637, Tool 2, 0.000000, 0.000000, 0.000000,  0.000000, 0.000000, 0.000000, 0.000000
Frame 439, 2022-03-29-17-13-15.024886, Tool  1, 67.697533, -75.838417, -965.152283, 0.136877, -0.717751, -0.672177, -0.119495, Tool 2, 0.000000, 0.000000, 0.000000,  0.000000, 0.000000, 0.000000, 0.000000
Frame 445, 2022-03-29-17-13-15.107891, Tool  1, 67.687279, -75.840446, -965.148499, 0.136819, -0.717739, -0.672191, -0.119547, Tool 2, 0.000000, 0.000000, 0.000000,  0.000000, 0.000000, 0.000000, 0.000000
Frame 448, 2022-03-29-17-13-15.191895, Tool  1, 67.681824, -75.843651, -965.136658, 0.136923, -0.717730, -0.672169, -0.119604, Tool 2, 0.000000, 0.000000, 0.000000,  0.000000, 0.000000, 0.000000, 0.000000
Frame 454, 2022-03-29-17-13-15.273900, Tool  1, 67.683556, -75.842957, -965.158081, 0.136811, -0.717775, -0.672141, -0.119624, Tool 2, 0.000000, 0.000000, 0.000000,  0.000000, 0.000000, 0.000000, 0.000000
Frame 460, 2022-03-29-17-13-15.357905, Tool  1, 67.688515, -75.851929, -965.163635, 0.136872, -0.717750, -0.672144, -0.119689, Tool 2, 0.000000, 0.000000, 0.000000,  0.000000, 0.000000, 0.000000, 0.000000
Frame 463, 2022-03-29-17-13-15.441910, Tool  1, 67.677177, -75.853058, -965.159912, 0.136779, -0.717720, -0.672191, -0.119709, Tool 2, 0.000000, 0.000000, 0.000000,  0.000000, 0.000000, 0.000000, 0.000000
Frame 469, 2022-03-29-17-13-15.523915, Tool  1, 67.684753, -75.834290, -965.164124, 0.136734, -0.717760, -0.672186, -0.119549, Tool 2, 0.000000, 0.000000, 0.000000,  0.000000, 0.000000, 0.000000, 0.000000
Frame 475, 2022-03-29-17-13-15.606919, Tool  1, 67.683434, -75.843208, -965.150085, 0.136786, -0.717729, -0.672196, -0.119616, Tool 2, 0.000000, 0.000000, 0.000000,  0.000000, 0.000000, 0.000000, 0.000000
Frame 478, 2022-03-29-17-13-15.692924, Tool  1, 67.693558, -75.843315, -965.171692, 0.136772, -0.717754, -0.672176, -0.119602, Tool 2, 0.000000, 0.000000, 0.000000,  0.000000, 0.000000, 0.000000, 0.000000
Frame 484, 2022-03-29-17-13-15.774929, Tool  1, 67.685745, -75.839485, -965.151062, 0.136876, -0.717841, -0.672066, -0.119572, Tool 2, 0.000000, 0.000000, 0.000000,  0.000000, 0.000000, 0.000000, 0.000000
Frame 490, 2022-03-29-17-13-15.856934, Tool  1, 67.690163, -75.846230, -965.168640, 0.136850, -0.717786, -0.672130, -0.119575, Tool 2, 0.000000, 0.000000, 0.000000,  0.000000, 0.000000, 0.000000, 0.000000
Frame 493, 2022-03-29-17-13-15.942939, Tool  1, 67.686905, -75.850571, -965.155640, 0.136882, -0.717765, -0.672137, -0.119628, Tool 2, 0.000000, 0.000000, 0.000000,  0.000000, 0.000000, 0.000000, 0.000000
Frame 499, 2022-03-29-17-13-16.024943, Tool  1, 67.678497, -75.844658, -965.138672, 0.136808, -0.717697, -0.672213, -0.119694, Tool 2, 0.000000, 0.000000, 0.000000,  0.000000, 0.000000, 0.000000, 0.000000
Frame 505, 2022-03-29-17-13-16.107948, Tool  1, 67.683228, -75.836998, -965.153748, 0.136833, -0.717843, -0.672082, -0.119520, Tool 2, 0.000000, 0.000000, 0.000000,  0.000000, 0.000000, 0.000000, 0.000000
Frame 508, 2022-03-29-17-13-16.191953, Tool  1, 67.681534, -75.844826, -965.171875, 0.136805, -0.717691, -0.672221, -0.119683, Tool 2, 0.000000, 0.000000, 0.000000,  0.000000, 0.000000, 0.000000, 0.000000
Frame 514, 2022-03-29-17-13-16.273958, Tool  1, 67.679939, -75.842621, -965.154724, 0.136779, -0.717725, -0.672202, -0.119616, Tool 2, 0.000000, 0.000000, 0.000000,  0.000000, 0.000000, 0.000000, 0.000000
Frame 520, 2022-03-29-17-13-16.357963, Tool  1, 67.684250, -75.847557, -965.160645, 0.136850, -0.717720, -0.672184, -0.119666, Tool 2, 0.000000, 0.000000, 0.000000,  0.000000, 0.000000, 0.000000, 0.000000
Frame 523, 2022-03-29-17-13-16.441967, Tool  1, 67.679718, -75.852142, -965.147400, 0.136835, -0.717749, -0.672144, -0.119737, Tool 2, 0.000000, 0.000000, 0.000000,  0.000000, 0.000000, 0.000000, 0.000000
Frame 529, 2022-03-29-17-13-16.523972, Tool  1, 67.689636, -75.842369, -965.152588, 0.136809, -0.717737, -0.672186, -0.119598, Tool 2, 0.000000, 0.000000, 0.000000,  0.000000, 0.000000, 0.000000, 0.000000
Frame 535, 2022-03-29-17-13-16.607977, Tool  1, 67.681648, -75.846130, -965.157227, 0.136876, -0.717720, -0.672187, -0.119618, Tool 2, 0.000000, 0.000000, 0.000000,  0.000000, 0.000000, 0.000000, 0.000000
Frame 538, 2022-03-29-17-13-16.691981, Tool  1, 67.687767, -75.844131, -965.167175, 0.136909, -0.717769, -0.672135, -0.119585, Tool 2, 0.000000, 0.000000, 0.000000,  0.000000, 0.000000, 0.000000, 0.000000
Frame 544, 2022-03-29-17-13-16.773986, Tool  1, 67.688095, -75.843079, -965.172119, 0.136885, -0.717824, -0.672090, -0.119530, Tool 2, 0.000000, 0.000000, 0.000000,  0.000000, 0.000000, 0.000000, 0.000000
Frame 550, 2022-03-29-17-13-16.856991, Tool  1, 67.684669, -75.847382, -965.151367, 0.136865, -0.717731, -0.672176, -0.119626, Tool 2, 0.000000, 0.000000, 0.000000,  0.000000, 0.000000, 0.000000, 0.000000
Frame 553, 2022-03-29-17-13-16.942996, Tool  1, 67.683044, -75.843231, -965.158203, 0.136755, -0.717707, -0.672230, -0.119595, Tool 2, 0.000000, 0.000000, 0.000000,  0.000000, 0.000000, 0.000000, 0.000000
Frame 559, 2022-03-29-17-13-17.024001, Tool  1, 67.681473, -75.839050, -965.169617, 0.136815, -0.717745, -0.672181, -0.119580, Tool 2, 0.000000, 0.000000, 0.000000,  0.000000, 0.000000, 0.000000, 0.000000
Frame 565, 2022-03-29-17-13-17.108006, Tool  1, 67.689903, -75.840683, -965.139282, 0.136851, -0.717790, -0.672133, -0.119530, Tool 2, 0.000000, 0.000000, 0.000000,  0.000000, 0.000000, 0.000000, 0.000000
Frame 568, 2022-03-29-17-13-17.192010, Tool  1, 67.695854, -75.854240, -965.160156, 0.136948, -0.717742, -0.672139, -0.119678, Tool 2, 0.000000, 0.000000, 0.000000,  0.000000, 0.000000, 0.000000, 0.000000
Frame 574, 2022-03-29-17-13-17.275015, Tool  1, 67.689941, -75.841255, -965.154907, 0.136821, -0.717788, -0.672129, -0.119597, Tool 2, 0.000000, 0.000000, 0.000000,  0.000000, 0.000000, 0.000000, 0.000000
Frame 580, 2022-03-29-17-13-17.358020, Tool  1, 67.688522, -75.843613, -965.153442, 0.136865, -0.717785, -0.672133, -0.119550, Tool 2, 0.000000, 0.000000, 0.000000,  0.000000, 0.000000, 0.000000, 0.000000
Frame 583, 2022-03-29-17-13-17.442024, Tool  1, 67.696213, -75.854813, -965.145325, 0.136952, -0.717748, -0.672137, -0.119647, Tool 2, 0.000000, 0.000000, 0.000000,  0.000000, 0.000000, 0.000000, 0.000000
Frame 589, 2022-03-29-17-13-17.524029, Tool  1, 67.679001, -75.847282, -965.140198, 0.136795, -0.717725, -0.672189, -0.119669, Tool 2, 0.000000, 0.000000, 0.000000,  0.000000, 0.000000, 0.000000, 0.000000
Frame 595, 2022-03-29-17-13-17.608034, Tool  1, 67.680351, -75.840569, -965.147644, 0.136800, -0.717738, -0.672192, -0.119568, Tool 2, 0.000000, 0.000000, 0.000000,  0.000000, 0.000000, 0.000000, 0.000000
Frame 598, 2022-03-29-17-13-17.692039, Tool  1, 67.699966, -75.849968, -965.145020, 0.137025, -0.717804, -0.672081, -0.119540, Tool 2, 0.000000, 0.000000, 0.000000,  0.000000, 0.000000, 0.000000, 0.000000
Frame 604, 2022-03-29-17-13-17.774044, Tool  1, 67.682449, -75.845650, -965.155396, 0.136901, -0.717799, -0.672125, -0.119466, Tool 2, 0.000000, 0.000000, 0.000000,  0.000000, 0.000000, 0.000000, 0.000000
Frame 610, 2022-03-29-17-13-17.858048, Tool  1, 67.668648, -75.867393, -965.157593, 0.136855, -0.717653, -0.672249, -0.119693, Tool 2, 0.000000, 0.000000, 0.000000,  0.000000, 0.000000, 0.000000, 0.000000
Frame 613, 2022-03-29-17-13-17.942053, Tool  1, 67.674232, -75.845192, -965.153137, 0.136760, -0.717744, -0.672191, -0.119589, Tool 2, 0.000000, 0.000000, 0.000000,  0.000000, 0.000000, 0.000000, 0.000000
Frame 619, 2022-03-29-17-13-18.024058, Tool  1, 67.680725, -75.857872, -965.142883, 0.136918, -0.717717, -0.672190, -0.119572, Tool 2, 0.000000, 0.000000, 0.000000,  0.000000, 0.000000, 0.000000, 0.000000
Frame 625, 2022-03-29-17-13-18.108063, Tool  1, 67.666153, -75.853844, -965.161560, 0.136778, -0.717663, -0.672267, -0.119620, Tool 2, 0.000000, 0.000000, 0.000000,  0.000000, 0.000000, 0.000000, 0.000000
Frame 628, 2022-03-29-17-13-18.192067, Tool  1, 67.683754, -75.842140, -965.154114, 0.136873, -0.717730, -0.672194, -0.119526, Tool 2, 0.000000, 0.000000, 0.000000,  0.000000, 0.000000, 0.000000, 0.000000
Frame 634, 2022-03-29-17-13-18.275072, Tool  1, 67.679665, -75.858627, -965.136414, 0.136889, -0.717714, -0.672197, -0.119591, Tool 2, 0.000000, 0.000000, 0.000000,  0.000000, 0.000000, 0.000000, 0.000000
Frame 640, 2022-03-29-17-13-18.357077, Tool  1, 67.678215, -75.861755, -965.140686, 0.136924, -0.717710, -0.672187, -0.119621, Tool 2, 0.000000, 0.000000, 0.000000,  0.000000, 0.000000, 0.000000, 0.000000
Frame 643, 2022-03-29-17-13-18.443082, Tool  1, 67.667679, -75.856911, -965.160950, 0.136775, -0.717647, -0.672273, -0.119689, Tool 2, 0.000000, 0.000000, 0.000000,  0.000000, 0.000000, 0.000000, 0.000000
Frame 649, 2022-03-29-17-13-18.524086, Tool  1, 67.673691, -75.858475, -965.142883, 0.136826, -0.717651, -0.672278, -0.119583, Tool 2, 0.000000, 0.000000, 0.000000,  0.000000, 0.000000, 0.000000, 0.000000
Frame 655, 2022-03-29-17-13-18.608091, Tool  1, 67.670586, -75.872047, -965.155273, 0.136979, -0.717664, -0.672215, -0.119684, Tool 2, 0.000000, 0.000000, 0.000000,  0.000000, 0.000000, 0.000000, 0.000000
Frame 658, 2022-03-29-17-13-18.692096, Tool  1, 67.670334, -75.858864, -965.163025, 0.136807, -0.717683, -0.672250, -0.119566, Tool 2, 0.000000, 0.000000, 0.000000,  0.000000, 0.000000, 0.000000, 0.000000
Frame 664, 2022-03-29-17-13-18.774101, Tool  1, 67.675941, -75.861443, -965.159119, 0.136872, -0.717714, -0.672217, -0.119494, Tool 2, 0.000000, 0.000000, 0.000000,  0.000000, 0.000000, 0.000000, 0.000000
Frame 670, 2022-03-29-17-13-18.858106, Tool  1, 67.670486, -75.865341, -965.151794, 0.136859, -0.717682, -0.672236, -0.119591, Tool 2, 0.000000, 0.000000, 0.000000,  0.000000, 0.000000, 0.000000, 0.000000
Frame 673, 2022-03-29-17-13-18.942110, Tool  1, 67.665802, -75.858078, -965.158081, 0.136794, -0.717662, -0.672266, -0.119614, Tool 2, 0.000000, 0.000000, 0.000000,  0.000000, 0.000000, 0.000000, 0.000000
Frame 679, 2022-03-29-17-13-19.024115, Tool  1, 67.676926, -75.861084, -965.159851, 0.137007, -0.717765, -0.672122, -0.119563, Tool 2, 0.000000, 0.000000, 0.000000,  0.000000, 0.000000, 0.000000, 0.000000
Frame 685, 2022-03-29-17-13-19.108119, Tool  1, 67.666229, -75.855782, -965.152405, 0.136782, -0.717637, -0.672282, -0.119690, Tool 2, 0.000000, 0.000000, 0.000000,  0.000000, 0.000000, 0.000000, 0.000000
Frame 688, 2022-03-29-17-13-19.192124, Tool  1, 67.664299, -75.864441, -965.159668, 0.136813, -0.717628, -0.672281, -0.119715, Tool 2, 0.000000, 0.000000, 0.000000,  0.000000, 0.000000, 0.000000, 0.000000
Frame 694, 2022-03-29-17-13-19.275129, Tool  1, 67.676010, -75.872810, -965.169556, 0.136995, -0.717683, -0.672207, -0.119595, Tool 2, 0.000000, 0.000000, 0.000000,  0.000000, 0.000000, 0.000000, 0.000000
Frame 700, 2022-03-29-17-13-19.357134, Tool  1, 67.673988, -75.865242, -965.155212, 0.136875, -0.717704, -0.672220, -0.119537, Tool 2, 0.000000, 0.000000, 0.000000,  0.000000, 0.000000, 0.000000, 0.000000
Frame 703, 2022-03-29-17-13-19.443139, Tool  1, 67.687660, -75.862297, -965.149536, 0.136833, -0.717738, -0.672203, -0.119472, Tool 2, 0.000000, 0.000000, 0.000000,  0.000000, 0.000000, 0.000000, 0.000000
Frame 709, 2022-03-29-17-13-19.525144, Tool  1, 67.680466, -75.863953, -965.147827, 0.136888, -0.717710, -0.672199, -0.119602, Tool 2, 0.000000, 0.000000, 0.000000,  0.000000, 0.000000, 0.000000, 0.000000
Frame 715, 2022-03-29-17-13-19.609148, Tool  1, 67.675980, -75.850456, -965.156067, 0.136863, -0.717741, -0.672193, -0.119478, Tool 2, 0.000000, 0.000000, 0.000000,  0.000000, 0.000000, 0.000000, 0.000000
Frame 718, 2022-03-29-17-13-19.693153, Tool  1, 67.668068, -75.860527, -965.141479, 0.136821, -0.717668, -0.672258, -0.119600, Tool 2, 0.000000, 0.000000, 0.000000,  0.000000, 0.000000, 0.000000, 0.000000
Frame 724, 2022-03-29-17-13-19.774158, Tool  1, 67.681953, -75.868401, -965.162659, 0.136917, -0.717687, -0.672214, -0.119618, Tool 2, 0.000000, 0.000000, 0.000000,  0.000000, 0.000000, 0.000000, 0.000000
Frame 730, 2022-03-29-17-13-19.858162, Tool  1, 67.688210, -75.849815, -965.142639, 0.136905, -0.717803, -0.672119, -0.119472, Tool 2, 0.000000, 0.000000, 0.000000,  0.000000, 0.000000, 0.000000, 0.000000
Frame 733, 2022-03-29-17-13-19.942167, Tool  1, 67.666756, -75.855415, -965.153748, 0.136834, -0.717717, -0.672217, -0.119522, Tool 2, 0.000000, 0.000000, 0.000000,  0.000000, 0.000000, 0.000000, 0.000000
Frame 739, 2022-03-29-17-13-20.024172, Tool  1, 67.658386, -75.861755, -965.169189, 0.136851, -0.717629, -0.672268, -0.119743, Tool 2, 0.000000, 0.000000, 0.000000,  0.000000, 0.000000, 0.000000, 0.000000
Frame 745, 2022-03-29-17-13-20.108177, Tool  1, 67.679573, -75.859993, -965.157898, 0.136883, -0.717677, -0.672242, -0.119558, Tool 2, 0.000000, 0.000000, 0.000000,  0.000000, 0.000000, 0.000000, 0.000000
Frame 748, 2022-03-29-17-13-20.192182, Tool  1, 67.649170, -75.869080, -965.165649, 0.136940, -0.717698, -0.672200, -0.119605, Tool 2, 0.000000, 0.000000, 0.000000,  0.000000, 0.000000, 0.000000, 0.000000
Frame 754, 2022-03-29-17-13-20.275187, Tool  1, 67.659653, -75.848221, -965.152466, 0.136847, -0.717768, -0.672139, -0.119632, Tool 2, 0.000000, 0.000000, 0.000000,  0.000000, 0.000000, 0.000000, 0.000000
Frame 760, 2022-03-29-17-13-20.357191, Tool  1, 67.666374, -75.874168, -965.155273, 0.136934, -0.717683, -0.672245, -0.119452, Tool 2, 0.000000, 0.000000, 0.000000,  0.000000, 0.000000, 0.000000, 0.000000
Frame 763, 2022-03-29-17-13-20.443196, Tool  1, 67.640556, -75.879486, -965.163696, 0.136753, -0.717567, -0.672377, -0.119609, Tool 2, 0.000000, 0.000000, 0.000000,  0.000000, 0.000000, 0.000000, 0.000000
Frame 769, 2022-03-29-17-13-20.525201, Tool  1, 67.646797, -75.855209, -965.174011, 0.136764, -0.717628, -0.672299, -0.119672, Tool 2, 0.000000, 0.000000, 0.000000,  0.000000, 0.000000, 0.000000, 0.000000
Frame 775, 2022-03-29-17-13-20.608205, Tool  1, 67.669968, -75.875084, -965.155029, 0.136915, -0.717647, -0.672279, -0.119494, Tool 2, 0.000000, 0.000000, 0.000000,  0.000000, 0.000000, 0.000000, 0.000000
Frame 778, 2022-03-29-17-13-20.692210, Tool  1, 67.648811, -75.878159, -965.154419, 0.136842, -0.717614, -0.672324, -0.119526, Tool 2, 0.000000, 0.000000, 0.000000,  0.000000, 0.000000, 0.000000, 0.000000
Frame 784, 2022-03-29-17-13-20.775215, Tool  1, 67.669487, -75.864067, -965.153320, 0.136815, -0.717646, -0.672295, -0.119529, Tool 2, 0.000000, 0.000000, 0.000000,  0.000000, 0.000000, 0.000000, 0.000000
Frame 790, 2022-03-29-17-13-20.858220, Tool  1, 67.678398, -75.883926, -965.139954, 0.136944, -0.717616, -0.672303, -0.119513, Tool 2, 0.000000, 0.000000, 0.000000,  0.000000, 0.000000, 0.000000, 0.000000
Frame 793, 2022-03-29-17-13-20.941225, Tool  1, 67.655136, -75.880882, -965.149475, 0.136895, -0.717613, -0.672300, -0.119603, Tool 2, 0.000000, 0.000000, 0.000000,  0.000000, 0.000000, 0.000000, 0.000000
Frame 799, 2022-03-29-17-13-21.024230, Tool  1, 67.661461, -75.863396, -965.154907, 0.136868, -0.717649, -0.672263, -0.119634, Tool 2, 0.000000, 0.000000, 0.000000,  0.000000, 0.000000, 0.000000, 0.000000
Frame 805, 2022-03-29-17-13-21.108234, Tool  1, 67.654221, -75.875565, -965.151855, 0.136880, -0.717649, -0.672280, -0.119518, Tool 2, 0.000000, 0.000000, 0.000000,  0.000000, 0.000000, 0.000000, 0.000000
Frame 808, 2022-03-29-17-13-21.192239, Tool  1, 67.667854, -75.876579, -965.153015, 0.136868, -0.717635, -0.672304, -0.119483, Tool 2, 0.000000, 0.000000, 0.000000,  0.000000, 0.000000, 0.000000, 0.000000
Frame 814, 2022-03-29-17-13-21.274244, Tool  1, 67.664345, -75.864632, -965.152344, 0.136914, -0.717681, -0.672232, -0.119555, Tool 2, 0.000000, 0.000000, 0.000000,  0.000000, 0.000000, 0.000000, 0.000000
Frame 820, 2022-03-29-17-13-21.358248, Tool  1, 67.649261, -75.879089, -965.167480, 0.136787, -0.717593, -0.672349, -0.119574, Tool 2, 0.000000, 0.000000, 0.000000,  0.000000, 0.000000, 0.000000, 0.000000
Frame 823, 2022-03-29-17-13-21.443253, Tool  1, 67.650986, -75.877510, -965.146667, 0.136742, -0.717562, -0.672381, -0.119639, Tool 2, 0.000000, 0.000000, 0.000000,  0.000000, 0.000000, 0.000000, 0.000000
